112.2061374344252
108.34564924052957
122.1538559350389
108.73953935198462
110.54804920789091
117.91240558530782
105.45383797571878
107.04181671034856
110.93801612918517
108.3506502111032
104.03617693789097
108.97561744706206
108.20585526499379
113.01735801304747
101.67605735264152
106.49910481155024
115.75695504743585
119.28665503615656
102.44410221155817
113.2242375544639
105.0969605739069
105.71573422641956
105.64060408372173
107.88746035418802
114.98219913456681
113.56210635438283
110.2957212160952
108.18344560759041
110.01644421467056
109.47034778971289
113.96526659730985
106.84214185103892
109.9690254575712
109.49466194095378
109.7384592457407
111.24608829282454
110.9883004552125
116.67424287120791
109.56562196861182
117.80766146724446
108.47073489416685
107.61134291360894
110.50369094376425
111.77719236174676
111.3480620322335
116.45981691693981
115.69671489412642
112.47220199060544
108.31831870431724
109.49692826846446
117.06699008960892
111.106270614255
103.44613433310127
106.55217383975909
107.11243383384296
115.76102385187838
109.46418007587926
121.30053386860135
113.28309735130213
110.62403412665097
107.82148040485755
114.86089654839586
108.79644428867965
105.8793827329144
112.84066358865444
110.06379158353081
115.94530362912272
109.63203340625579
95.70156016688722
113.9468320208999
100.61129558026369
117.69378072704518
119.10682369292034
107.86484307047591
104.17649044942303
103.01462987665869
114.36327310625916
108.98940911189766
107.00820033288933
108.78290149376873
120.44257343798857
111.73459663543873
113.72863475016227
113.88453795561506
115.09210566593974
115.3067571934369
106.44766776502011
108.9240609878818
106.19619845702157
106.44418385847464
115.70753868717335
107.4912222640275
109.60424319408429
106.53586828997089
107.03298614478442
113.94118971769839
107.77285004250697
107.5893990664639
112.46778830475715
112.50243663748518
113.96211308653317
110.85382226232784
101.23129569761477
113.1514823829475
112.49164607350129
115.09068804782305
105.7676569156086
122.60403817077496
103.83806942598363
113.634766303449
110.22977612051145
107.56433677244402
114.0806618057832
108.59284939394166
98.32189089528049
104.16360775144913
112.2882903579316
121.18982805868134
102.59370399261995
109.91527341136154
117.25366771759288
113.03435159570927
108.12189577960714
102.89037725450777
101.0942435099649
106.2604710634346
108.15795234507453
98.7544093577826
101.53162479578906
111.5182423265412
107.95503830981112
106.22584704794374
107.96240417398909
105.93687619446848
114.63758103958486
118.1997703310938
120.3680776432838
113.54898929896905
113.7357629610485
117.3154773983668
118.6922440711884
117.3260244221657
116.06141702772173
106.82673750191694
102.0015074805588
114.38576406093371
109.53083775666978
109.72164482656044
105.55289632944182
103.49524274152229
117.01083310187923
112.32550496856848
104.67483690308997
111.95210304022443
111.52800086104163
112.60924745158165
121.1663540687245
109.82648949384671
103.60188408867704
110.18271320743627
106.76821707238098
112.74283918428287
111.05271228014145
111.73250875237993
107.16474415866404
112.06839404171558
107.44871971961857
112.58629677358107
108.49497435807926
104.40796784359314
112.49261811809282
106.46953065031329
117.2194055168807
112.21478130431967
112.33852607314383
110.50672395071025
109.70324009561094
98.06651127810312
116.11085278439042
105.93043996126723
114.78130928690385
106.8074472228975
109.28436791171428
108.87905083713738
104.80752379945321
109.14145475780353
112.38173088173406
107.92910867206048
103.67958328428253
107.13392221993085
111.2490865796061
115.73601040807458
114.17971978386102
111.43701822519215
105.02201850543416
114.53444733782968
110.12105372193062
108.8000913265448
114.55055281953405
113.08922375419638
112.49809021932663
104.24227877362283
106.94741799681428
101.48057296239989
110.9721868889985
110.14120624239308
114.66280253158487
111.06021659384838
108.16027715724383
120.55744202186622
104.85213252882414
103.31859845389229
106.94716321104482
112.62347131236642
108.25345937225673
107.79630768675766
104.39356199551075
117.36422364860124
106.88313881236833
104.59649023876874
109.38734953652938
105.96128452224524
108.83721888092313
116.6757516831295
107.76771636653744
109.75105657844225
108.15727610459577
109.04130215774141
114.09839960038111
112.6581686214675
108.29192482050645
105.34549759736585
109.32891502859515
114.16296806512165
109.91323365523962
109.36170889023208
100.96041687891997
114.96984488435847
102.54435570590874
103.58946259969045
108.12146295109525
110.17321937883897
110.22539079041933
106.18126553576828
108.43430746401684
106.9650523221189
100.95224385588159
108.72241128864476
106.53100326591593
112.09598878820084
109.2739990671897
114.81900649941042
113.48110994113352
114.49702731187949
116.0418903657598
113.4662685215617
109.16819694317512
116.76556555253492
105.3568674349143
109.82263756526919
114.29822975881402
108.56251695196396
113.57474973118718
105.98273699592396
107.29759021004644
112.73088713184195
113.55944630259327
115.98577245141027
109.64966487473666
111.49113560863128
113.13096303640705
112.33716029134634
103.48689284125106
107.14955175149998
117.21475005048394
103.78002432889045
113.14440165730463
107.87203936866288
115.01604779909036
106.10911195653183
110.24472315056354
99.86799055750716
109.79031824936877
115.37271389670275
102.49570299860447
115.92872217235873
106.42459379011032
109.74380737462027
96.12708319614556
115.39314065626453
105.62157041537843
107.30945340402414
103.60892150494979
105.0361527692288
115.71713943817294
107.45463700770387
114.47500469395003
109.11898316910386
111.73041734277824
107.46844935355634
112.13582009981944
122.9428479282049
113.26446507388724
112.52919895947637
107.6202458467683
115.05454369829853
116.7960048544625
101.48955016694507
103.09833885108277
120.50888341604883
112.12949583767227
110.64600114514953
112.81481256600289
115.48382362177182
114.00409425376506
108.8845836660767
120.31835332054092
110.0631175070725
105.62613101446371
107.21460309691237
109.3384902477185
108.1038750739819
109.0610314690186
111.57733075110042
93.58042276186671
106.1065337363837
114.75172354022665
112.8150065068464
106.59672967322904
106.87748304778748
115.70247969046848
108.7613552839097
107.34897362551033
119.27857202149177
108.15063936663964
113.4212340809005
109.77164851470765
110.25393324913517
105.26387221980882
105.86506290820317
116.29036803338228
104.30554870878534
111.38680058716326
104.02777017791733
108.79781582546498
109.81395867092112
101.85160800551377
115.67431687673883
109.08100284239846
116.07368864202077
105.32860702504794
114.55931206501498
121.6712004754996
111.08265977837661
106.76465761322959
112.3935302740858
110.70413576360798
108.9500069948912
109.39746677992224
107.105871087391
112.11933796645832
108.06334318325003
105.71565925839985
114.07656946536544
109.17091990940581
123.22676722696981
108.75265061717661
106.41331052531443
107.25251333818304
111.85543475292431
106.51327097104766
103.68349418416938
118.19606167396991
103.79927682045033
117.56822883998845
110.70528283284997
104.68951020555839
118.3319020078453
108.98273197989687
104.96226235960847
110.32704779640082
116.43222869146024
113.41871658609548
114.131223979678
118.77168162122449
111.07281992264537
111.87907392705701
108.87007917249538
102.72653064448015
109.27732670109297
118.08489402754897
101.34473185943727
116.7197306733049
111.30769786948161
105.44740323036939
110.32734745378171
118.88161064574207
107.13433405812602
113.95296806448539
115.65756986867937
105.51453001246318
113.16355930974122
112.67577576310865
107.62923794843545
113.42492957189081
108.19402907374887
107.11285032762682
103.82635250433816
111.92739946625395
107.85405003772712
107.20536864627462
104.2550001129973
103.17422111867475
106.05380492339152
113.64979908863442
105.93059066208158
117.22429748812148
112.04129729233034
110.79032572018974
103.98379667340838
119.76794339826125
102.79683250994391
112.67037554734816
118.47164161715625
109.00526387906467
106.58237160602097
109.9050093872006
114.57831297658294
116.79353615143522
113.02218842095532
104.65292187746839
106.62905100207298
111.01704026373476
103.61917419517378
108.79848333934203
121.20476784880773
104.7126904230254
115.80279505724052
105.33507782217718
108.29638056752458
109.64934435330639
102.47238423708265
109.47460083333277
116.4841041394667
113.58596249102118
113.48885553679905
105.97751079214535
109.27474109591174
111.01161449790014
113.39349774705609
116.71255939869707
105.00334632781812
118.49774045015285
108.56891883252226
108.7418151703621
103.95776569283451
109.6610245767232
108.85907007810331
103.82747833242223
108.54308132924076
110.60678590750925
107.94283071986372
113.8963017596474
104.8765770710867
114.44941084129354
109.07008766357535
111.86134889724364
100.7740743183573
110.64572935788985
109.69049884397656
114.67853952030751
104.10048414614076
116.82020754188116
104.58684414397925
116.58347093738854
112.89097813526604
106.22769300853169
120.8488079627536
104.02187829703205
109.14012895132387
111.03533527766673
112.60891872465699
111.13194645488119
113.99565138225637
112.29622904848651
110.1634983497046
105.35218538421447
108.27481497561591
114.51239761423297
104.16750346165654
110.55495905847731
99.75801710334278
106.52194526875597
101.88419706670118
116.22270390319582
100.88625403111764
108.80196800642746
113.64221532205134
113.04442134416882
113.86592356005279
115.31176914619576
112.36752511899883
114.17298935836885
109.7292936212017
109.87180156118939
101.1979967793504
110.84352605765015
116.33638411210845
106.26025750254428
104.1512642554812
110.45617232867605
115.67209493550703
116.03287168010552
102.49767379115303
112.250103482717
106.71875328998115
111.38735484455542
98.71148570702245
114.608938551639
108.02204191472347
111.02504836875086
109.10174487560872
104.83017019228444
112.62768771066135
107.591647521083
106.55791933463773
113.2959655582984
109.58199190583957
106.50243363313606
114.69644073505134
107.04791342154329
109.84324506167032
113.67111343632399
114.71854826942013
116.00080119815252
118.28371953384027
110.22491594433002
106.00911824876434
118.24017010335588
116.95803815723924
108.50319358385713
113.50602456196195
108.11199219629606
102.21349464591682
115.19087809028544
111.73025932292674
110.61190887800822
118.45003018787104
117.16356070838268
106.79188188081345
104.45736971907641
100.52648368423802
110.03111143575644
108.06937633878077
111.81598576762102
110.06424374514387
106.71833809947961
107.9782515024918
102.20996835192912
116.14190018641003
107.33723939009343
113.06178031891889
106.71125847907102
110.35426112857506
113.1503340035862
108.63099143114236
105.92389931958562
121.62605195327933
109.0075758973183
112.84136524452957
109.59529806116734
106.13385957560965
116.57129645354837
111.95581175468105
111.70456084694366
98.62172808802156
111.43576376691819
114.19780894800982
111.41496934123063
109.25783062709014
115.96424296376391
111.23053965421293
112.90301204946273
115.18334189412079
115.00444920452128
103.42880243043261
111.68148889491017
106.19189015420274
99.96107963790617
111.42712339403052
101.31039455553463
107.66759397144024
97.45382577217707
104.89488819566806
107.65095685723507
109.96120772833707
107.3006980466127
105.37781246606308
105.49486198296712
117.66106493459134
107.64676242709974
109.51049762559182
119.42084626315612
101.28683858631601
99.65552592863469
104.88898618698902
108.02137083411148
104.26252774406278
109.78447474607023
109.5535116930839
102.24289565239312
110.80386037738413
102.81550065253057
113.49028779636589
111.09646122524401
120.93379083460361
114.10471412685571
108.94610415561351
111.6872149307941
110.6987635307423
106.26369036810917
102.69706256399013
115.45825687852162
117.55934988832081
107.64607242960592
108.67356910517498
107.54158547388707
115.02018090755568
116.01865629066465
105.60804304358624
108.26708517048846
107.28806789205824
111.03999010515702
113.81267540637303
115.32193500313286
108.59069088106548
105.05083152433781
112.66952087647066
112.9467942623667
108.22537839170704
110.82174373502154
111.77354246777199
114.3867130143574
110.34250591869207
112.4217002518236
110.88347404575661
105.15859770292026
113.51187657054707
110.49097061074085
115.26562946400843
104.06382213193392
106.48560570793391
111.62871665841914
101.41700134762273
109.33022072746733
107.75928665925083
107.92373956807859
108.73796639196524
98.8526927395054
110.20761713932723
110.37071688857196
115.24757153122853
117.21912801288883
111.7735280010527
114.62679833759685
98.03060359092075
112.73551889951582
115.52594444338396
114.35078261410725
111.18616430498109
108.2209176532963
108.17662697273396
110.11620231896703
112.14458342475545
112.85820075323232
109.52727395272476
103.71766376696455
119.11581725380512
105.67308757169323
96.60772093726604
117.13011745093422
115.06553504442992
110.94297842409169
114.86462670744565
112.22416924807827
105.83656689611108
110.58139838889299
103.82083618062761
106.75080259155148
105.66631171783582
110.78104810190588
115.31665530096622
106.77271043431573
112.3014644044009
99.33957190226559
104.6396179031274
112.67669871400183
114.78909330104378
114.71634694274304
115.34708300862596
101.80624698643702
107.39682210234724
97.10065490974148
109.2205913102401
111.17442255575523
108.30223932998013
105.36536729059834
112.14742117037842
112.65829626091694
110.6679761169174
106.98334506086091
110.21525780282887
110.42648952127671
111.33648476538853
113.11092098695057
109.86545228672504
102.77348940390162
108.63007894506465
111.85589585250557
107.80202349127819
111.09084947026948
106.57602528891196
116.71530292818315
112.01959399618976
110.69990000393379
113.7849881335662
113.81753128429139
110.45101770898923
115.0053046490673
113.27698157045624
111.07199869966865
110.01393735057644
104.45875676765118
110.96574124996238
110.88696679687519
105.83238650633177
116.80711512632169
109.97866328728897
104.63892453848297
107.91059200839713
109.78886234517745
109.82259317435494
106.09844350777624
110.17568641920487
102.71390383227194
107.85154604352415
112.17336529182313
106.63245232311931
113.23253154137447
114.00399563686179
107.02430200234747
98.00342332789155
114.40275052042787
116.7369316591326
102.04579037868214
111.04971387084301
111.63228141518344
101.9251305385617
107.32383905435695
116.28515755666578
111.15498691453683
110.14836031121834
115.85665761539425
107.13086662537305
101.07642306192986
116.84702492445605
106.1910186091049
110.08886330839368
115.93316203071261
111.53331883005616
110.98199428247013
107.1183257862559
113.06363771289661
121.15985898334552
107.2947702907404
104.60827134448351
111.7089124074553
106.54501934529557
110.83164982875073
110.32445745756003
112.69031218609167
111.21193990143883
111.79231287389823
116.58700499428524
105.38735704313427
110.47724461311768
111.84868408231914
104.15681330189186
105.51393851867275
108.58092476131013
107.56731560979247
115.84125850983688
110.9092608509803
124.90702337447267
108.37605627635031
108.69555883862634
121.53427067210372
107.45876664461832
121.23905415909287
94.69105941439709
106.95244865048896
117.27492729696702
118.24120467533878
112.56706745666087
107.03507508888721
109.58942224733677
114.1873184846763
111.8775277349005
115.0621036807105
106.6970770534128
114.48194518680795
116.7394792256443
125.7761867062384
113.95510975068152
113.86455814620992
106.12201902681838
103.6356548984755
98.89051130118476
112.65895454764404
120.47733005772822
109.8523047397771
97.90536427849717
111.31031652719318
109.31145247655645
108.47752077737665
119.1558486220427
116.55783640284722
117.84704188595265
106.411579985731
112.19376310345534
104.8833524462284
116.11333642572154
104.7872211476482
116.69967679957382
111.6480260364968
111.54711139717331
103.18705225751089
113.9381667012767
101.26204667366584
104.1456945529052
105.69004446131812
120.73510330536703
110.91359809976645
106.95596855849699
112.99429711129788
122.26829075085786
109.57582100402179
105.06513663810219
104.78013439498267
110.07437782809019
118.75203583890293
109.63911602985172
109.14165452407892
105.37104367405972
104.6158002818711
115.55778169209627
112.06336964940272
112.39984480394834
103.42534868215684
113.12482762080259
111.93411007890856
117.91546470238548
115.62593879254247
109.11287036476645
111.95600198671272
111.89346284556878
109.7929673506941
105.90155791785573
114.7857001348076
121.59701231315096
109.7956491152831
118.50725252617872
108.64207962762534
108.54932973693812
110.12635585086618
108.76689445638264
115.13732092697738
116.08505425785927
97.38940309069919
114.3493321323843
112.24352813958019
119.02370609178098
105.7763046175337
110.91804145088905
116.37361811120492
114.75918974790453
117.95648146761272
106.34809197773019
106.89333589725886
113.2302597936281
103.38655130298717
112.50690483293171
114.95623147642159
111.9917177843346
103.49445156895622
107.36410780163472
108.65798378247152
112.3377392650205
111.47000008883191
108.04786146090721
101.7699426655063
101.03170192083654
105.10330680091812
104.94695903561583
106.94457648534538
104.70102056914651
109.31838344886755
107.01233107208412
111.03241929289042
110.01699122076012
113.00097729170056
105.19616680036637
105.5671519624215
104.44325623476283
110.46938432948426
113.66992708073538
115.79607488741155
110.85429268049431
109.32223749812181
113.72384729411739
109.76911767458807
105.0070884926313
113.73582592756463
107.90972537883982
102.60813256023606
109.07925337808594
105.86364513516244
109.80782146292579
106.40229732832857
108.37689987545905
106.96133861875595
109.38822736001381
112.87501718843679
111.2172975216543
109.99541447132094
115.11218363055936
103.19092039864562
110.83263639863284
115.8487576761654
112.79740100134406
115.62348496849123
105.36867770459627
115.72985981940892
106.49437681757856
115.65085669553685
111.2713170743071
114.2988486665868
106.09623900616167
108.92456672543867
100.80620776276963
111.82454270298447
113.74733807845888
111.92510523841106
115.7500056498007
113.17919955278312
110.82704291570863
112.96569036380203
107.48556833036199
114.84449810629127
111.60840680482819
111.91365812647115
109.56699261009032
107.3674600062776
105.52117945617923
108.88816489770583
113.85312915326232
101.46363015285995
110.8996143538261
128.06159256098556
111.47731030210319
109.67365997615867
112.41846776032203
109.82792655704057
111.067410093948
111.362179243044
105.66938805030647
116.5983025670697
111.7032206359828
116.20243706310198
111.49275444198751
115.97300008883307
110.95864785904732
125.85745059510668
116.44774613854183
117.34298430836402
110.4614950638591
103.11820683059412
109.2128961896311
113.35396702733402
111.48006129526232
107.97173811932484
107.06967745409148
104.65756777461846
108.48460409127792
113.84161029322841
113.9969445031161
113.86510414389387
109.72572132125038
111.58453254150636
110.55828786424583